3.538466e-01
3.556738e-01
2.749725e-01
3.087803e-01
-4.213847e-02
6.561870e-01
-4.995533e-01
-8.886331e-01
-4.905232e-01
-5.001888e-01
-5.074653e-01
3.178370e-01
3.506047e-01
3.439439e-01
3.199681e-01
3.232193e-01
3.228774e-01
3.213998e-01
2.501857e-01
2.558512e-01
-7.087130e-01
-3.252204e-01
-1.053769e+00
3.187194e-01
3.105478e-01
2.440412e-01
2.571792e-01
2.517725e-01
2.536122e-01
2.553417e-01
-3.979135e-01
-2.602980e-01
-3.381809e-01
2.551687e-01
2.504318e-01
-4.978024e-01
-4.969369e-01
-4.317501e-02
-4.783772e-02
-4.490060e-02
-4.756671e-02
-5.209769e-01
-1.613758e-01
2.322104e-01
3.806159e-01
-1.455709e+00
-5.209445e-01
-4.726871e-02
-6.556965e-01
3.475279e-01
3.522663e-01
2.603180e-01
2.835901e-01
2.587234e-01
2.830175e-01
3.444959e-01
3.413009e-01
NA
3.495530e-01
3.537427e-01
6.607535e-01
2.592818e-01
2.560280e-01
3.543436e-01
3.124223e-01
3.076223e-01
3.067289e-01
3.147005e-01
3.099547e-01
3.098000e-01
-4.426696e-02
-5.204201e-01
-5.204201e-01
-5.204201e-01
2.496911e-01
2.483493e-01
3.472347e-01
-5.137950e-01
2.533286e-01
-4.712995e-01
-5.536180e-01
-4.484038e-02
-4.323971e-02
2.566760e-01
-5.342547e-02
-4.912482e-02
-5.468502e-01
-5.231515e-01
3.577380e-01
-4.103473e-02
-4.895571e-02
3.443666e-01
-3.679447e-02
-4.682569e-02
-5.417631e-02
3.547723e-01
3.540435e-01
-6.640865e-02
3.481394e-01
-5.493934e-02
-4.917407e-02
-3.825965e-01
-4.594306e-02
-4.461649e-02
-5.028049e-02
3.522666e-01
-4.272801e-02
-6.401910e-01
-4.900096e-02
3.401933e-01
-4.937841e-02
3.516984e-01
3.446535e-01
1.057754e-01
-4.008994e-01
8.040137e-02
1.375238e-01
-2.227276e-01
-3.633532e-01
-4.097627e-02
-4.042560e-02
-4.525038e-02
-2.414993e-01
-4.842079e-02
-4.780593e-02
-4.053161e-01
-5.370473e-02
-5.366270e-02
-4.493343e-02
-5.390378e-02
-1.771031e-02
-5.042210e-02
-5.324126e-01
-5.715592e-02
3.401487e-01
-5.695862e-01
3.661060e-02
-5.202455e-02
1.741497e-01
-5.155584e-02
-5.802661e-01
-5.824542e-02
-3.850156e-01
-4.806674e-02
-5.248368e-02
-5.181395e-02
-5.116163e-02
-6.151241e-02
-6.010701e-02
-5.996842e-02
-5.864026e-02
3.420037e-01
-5.369373e-02
-4.226279e-02
-4.962803e-02
-5.774560e-02
6.298333e-02
-6.183201e-02
7.178684e-02
3.510743e-01
-4.126574e-02
3.561257e-01
-1.735902e-01
3.874964e-03
-5.170339e-02
3.424555e-01
3.217253e-02
-5.407126e-02
-5.368128e-02
-1.747604e-01
-5.797040e-02
3.146304e-01
-4.662261e-02
-4.594095e-02
3.408020e-01
3.516161e-01
-6.310819e-01
3.422535e-01
3.311965e-01
-3.230202e-01
-6.867287e-02
-4.635728e-02
-5.235515e-02
-6.064032e-01
-1.119110e-02
3.606138e-01
3.464740e-01
3.510010e-01
-7.953714e-01
3.442675e-01
3.516346e-01
-4.862355e-02
3.538172e-01
-2.114292e-01
-1.907340e-03
3.518343e-01
-5.866389e-02
-5.018966e-02
-6.329639e-02
-4.414360e-01
-5.672694e-02
-4.568444e-02
-6.639189e-02
3.506477e-01
3.449970e-01
-6.102108e-02
-5.439830e-02
-5.074952e-02
3.552363e-01
-6.369086e-02
-5.308710e-02
-5.917981e-02
-5.499064e-02
