-1.451553e+05
-1.450299e+05
8.382882e+04
-6.847332e+04
1.071780e+05
-2.033571e+05
-1.875644e+05
-2.247911e+05
-1.820620e+05
-1.823070e+05
-1.878776e+05
3.261661e+05
-1.457980e+05
-1.486368e+05
3.278281e+05
3.290029e+05
3.259243e+05
3.383426e+05
1.093566e+05
1.150688e+05
6.267702e+05
7.524934e+04
-1.818106e+05
3.270044e+05
3.228716e+05
1.012191e+05
1.132792e+05
1.114424e+05
1.103007e+05
1.182956e+05
-1.602798e+05
-2.388521e+05
1.946990e+04
-1.267007e+05
1.078690e+05
-1.826991e+05
-1.858354e+05
1.087963e+05
1.051022e+05
1.066313e+05
1.084172e+05
-2.915857e+05
-1.120583e+05
-6.887986e+04
-9.577426e+03
-4.099541e+05
-2.916296e+05
1.100020e+05
-3.013922e+05
-1.050765e+05
-1.510162e+05
1.089742e+05
9.268624e+04
1.128925e+05
9.244731e+04
-1.434099e+05
-1.484091e+05
-4.098867e+05
-1.453566e+05
-1.507832e+05
-2.067648e+05
1.088480e+05
1.089418e+05
-1.511852e+05
-6.708393e+04
-6.591500e+04
-6.906125e+04
-6.581005e+04
-6.385406e+04
-6.658135e+04
1.127993e+05
-2.917947e+05
-2.917947e+05
-2.917947e+05
1.080896e+05
1.081087e+05
-1.462201e+05
-2.916550e+05
1.106400e+05
-3.494760e+05
-2.828791e+05
1.104488e+05
1.121796e+05
1.088743e+05
1.063514e+05
1.069075e+05
-2.024816e+05
-2.931530e+05
-1.469649e+05
1.042294e+05
1.077342e+05
-1.441046e+05
1.060349e+05
1.209123e+05
1.098144e+05
-1.464886e+05
-1.442179e+05
9.731774e+04
-1.433564e+05
1.141250e+05
1.147541e+05
-2.380852e+05
1.101162e+05
1.134558e+05
1.114040e+05
-1.457402e+05
1.296144e+05
-1.248510e+05
1.052985e+05
-1.518980e+05
1.171237e+05
-1.441126e+05
-1.523534e+05
2.396082e+05
3.086554e+05
-1.685179e+05
-1.923110e+05
-1.131794e+05
-1.865438e+05
1.003485e+05
1.065934e+05
1.018439e+05
-1.582740e+05
1.169577e+05
1.111980e+05
-2.383063e+05
1.061240e+05
1.065580e+05
1.166635e+05
1.079953e+05
5.487987e+05
1.104918e+05
4.420800e+05
1.011895e+05
-1.510563e+05
-1.552650e+05
1.538549e+06
9.427917e+04
-1.417248e+05
1.178049e+05
-2.039885e+05
1.016629e+05
-1.973779e+05
1.083456e+05
1.086915e+05
1.126144e+05
1.106842e+05
1.055558e+05
1.022237e+05
1.014849e+05
1.042369e+05
-1.550109e+05
1.051744e+05
1.146879e+05
1.050243e+05
1.032979e+05
-1.376260e+05
1.001908e+05
5.553908e+05
-1.441487e+05
1.015149e+05
-1.418082e+05
1.285600e+04
-1.522717e+05
9.684003e+04
-1.531521e+05
1.539456e+05
1.043345e+05
1.070790e+05
5.182960e+04
1.093758e+05
-1.557931e+05
1.112976e+05
1.111509e+05
-1.224605e+05
-1.472725e+05
-2.059035e+05
-1.521853e+05
8.978183e+04
-4.095187e+05
1.088543e+05
1.161821e+05
1.042371e+05
-3.633768e+05
-1.039189e+05
-1.394774e+05
-1.508069e+05
-1.478251e+05
-3.159615e+05
-1.485285e+05
-1.373078e+05
1.101271e+05
-1.381558e+05
-1.948633e+05
-2.000620e+05
-1.469814e+05
1.002030e+05
1.067018e+05
9.721679e+04
-5.646780e+04
1.084092e+05
1.262307e+05
1.026218e+05
-1.489768e+05
-1.530796e+05
1.018966e+05
1.103185e+05
1.079726e+05
-1.481250e+05
9.805583e+04
1.085196e+05
1.041652e+05
1.102706e+05
