-7.047611e+04
-7.102172e+04
6.266274e+04
1.337595e+04
-1.427087e+04
1.408457e+04
-1.132925e+05
-3.003942e+04
-1.121680e+05
-1.110922e+05
-1.165329e+05
9.811725e+04
-6.986465e+04
-7.181443e+04
9.715577e+04
9.760757e+04
9.733142e+04
9.656738e+04
5.998223e+04
6.116983e+04
-3.440662e+03
6.371715e+04
-9.686608e+04
9.562167e+04
9.616380e+04
5.812725e+04
6.102059e+04
6.003465e+04
6.187043e+04
5.873925e+04
-7.518645e+04
-6.106334e+04
1.768936e+04
1.200761e+05
5.857482e+04
-1.127666e+05
-1.131238e+05
-1.012896e+04
-1.082160e+04
-1.106119e+04
-1.211570e+04
-3.924087e+04
-8.943039e+04
-1.371486e+04
-1.578118e+03
1.500202e+05
-3.914856e+04
-1.263245e+04
6.176035e+04
-4.423166e+04
-6.752336e+04
6.135869e+04
6.374148e+04
6.210530e+04
6.515230e+04
-6.907840e+04
-6.955675e+04
NA
-6.940336e+04
-6.980633e+04
1.373441e+04
5.937719e+04
6.030368e+04
-6.980789e+04
1.623306e+04
1.348032e+04
1.547280e+04
1.570821e+04
1.431054e+04
1.505795e+04
-1.275355e+04
-4.069681e+04
-4.069681e+04
-4.069681e+04
6.380712e+04
6.334146e+04
-7.169567e+04
-3.762927e+04
6.081138e+04
-8.472557e+03
-1.503133e+05
-1.452527e+04
-1.222225e+04
5.952869e+04
-1.384613e+04
-1.625006e+04
7.347875e+04
-3.892626e+04
-6.806795e+04
-1.115012e+04
-1.234088e+04
-6.850562e+04
-1.114634e+04
-1.408626e+04
-1.153674e+04
-6.836273e+04
-6.682246e+04
-1.001138e+04
-6.611843e+04
-9.336687e+03
-1.290493e+04
-1.092444e+05
-1.346571e+04
-1.209265e+04
-1.019284e+04
-6.837814e+04
-1.191272e+04
1.255463e+05
-1.310763e+04
-6.888117e+04
-1.353243e+04
-6.820267e+04
-6.980146e+04
1.317930e+05
1.009748e+05
1.424634e+05
1.662013e+05
9.864128e+04
5.715543e+04
-1.145958e+04
-1.209179e+04
-1.294801e+04
-1.314547e+04
-1.292721e+04
-1.098580e+04
-7.868254e+04
-1.175595e+04
-1.272934e+04
-1.258419e+04
-1.116629e+04
1.200115e+05
-1.228857e+04
9.026064e+04
-1.296181e+04
-6.718916e+04
7.572226e+04
1.528261e+05
-1.394399e+04
1.649964e+05
-1.011300e+04
9.272445e+04
-1.339785e+04
-1.008978e+05
-9.106744e+03
-1.104962e+04
-9.746897e+03
-1.042409e+04
-9.732369e+03
-1.066190e+04
-1.038978e+04
-9.457313e+03
-6.804728e+04
-1.384075e+04
-1.239659e+04
-1.286011e+04
-1.460668e+04
1.007020e+05
-1.377156e+04
2.492946e+05
-6.836565e+04
-1.103327e+04
-6.931178e+04
2.932251e+05
1.243350e+05
-1.327459e+04
-6.794459e+04
8.092829e+04
-1.143842e+04
-1.147875e+04
-3.417111e+04
-1.405977e+04
-7.171342e+04
-1.212524e+04
-1.093889e+04
-6.999637e+04
-6.708277e+04
3.367056e+04
-6.803808e+04
-7.779730e+03
4.714152e+04
-1.346027e+04
-1.195925e+04
-1.315397e+04
4.874583e+04
2.714160e+05
-6.817187e+04
-6.906785e+04
-6.896661e+04
-1.398455e+04
-6.823560e+04
-6.992477e+04
-1.153948e+04
-6.805080e+04
-5.615495e+04
2.174306e+05
-6.825666e+04
-1.245905e+04
-1.156315e+04
-1.383121e+04
1.102669e+05
-1.449669e+04
-1.184328e+04
-1.280631e+04
-6.844259e+04
-6.827686e+04
-1.498808e+04
-1.208678e+04
-1.255179e+04
-6.895297e+04
-1.364405e+04
-1.258973e+04
-9.719760e+03
-9.428306e+03
