-7.940038e-02
-7.951441e-02
2.247512e-02
-3.988154e-02
8.695995e-02
-1.387719e-01
-1.238844e-01
-1.177802e-01
-1.228364e-01
-1.229683e-01
-1.242656e-01
1.202590e-01
-7.903061e-02
-8.046517e-02
1.215080e-01
1.210593e-01
1.205512e-01
1.253747e-01
7.362828e-02
7.489888e-02
2.634647e-01
-2.703311e-02
-1.495875e-01
1.215503e-01
1.197457e-01
7.130648e-02
7.452612e-02
7.377312e-02
7.286677e-02
7.636052e-02
-5.545230e-02
-1.285544e-01
-1.125409e-02
-1.363675e-01
7.095558e-02
-1.216471e-01
-1.232265e-01
8.783052e-02
8.647140e-02
8.756044e-02
8.823920e-02
-1.829944e-01
-6.035265e-02
-8.421292e-03
-1.938878e-02
-2.587152e-01
-1.829078e-01
8.869168e-02
-1.768215e-01
-5.259055e-02
-8.082072e-02
7.337048e-02
2.576222e-02
7.429473e-02
2.477894e-02
-7.847399e-02
-7.941663e-02
NA
-7.873920e-02
-8.197716e-02
-1.384842e-01
7.274687e-02
7.232653e-02
-8.183841e-02
-4.012186e-02
-4.033160e-02
-4.149157e-02
-4.023999e-02
-3.961107e-02
-4.013567e-02
8.817861e-02
-1.830262e-01
-1.830262e-01
-1.830262e-01
7.291885e-02
7.250697e-02
-7.866198e-02
-1.835019e-01
7.269388e-02
-2.211458e-01
-2.482229e-01
8.763323e-02
8.825523e-02
7.239210e-02
8.689004e-02
8.665587e-02
-1.418693e-01
-1.834618e-01
-7.919703e-02
8.666857e-02
8.687497e-02
-7.852674e-02
8.661286e-02
9.372880e-02
8.681632e-02
-8.001745e-02
-7.954185e-02
8.445035e-02
-7.882124e-02
9.015330e-02
9.142545e-02
-2.224047e-01
8.994179e-02
8.977611e-02
8.831173e-02
-7.868800e-02
9.522016e-02
-1.194194e-01
8.693976e-02
-8.074908e-02
9.095953e-02
-7.934145e-02
-8.162422e-02
9.935542e-02
1.254042e-01
-1.172306e-01
-1.190239e-01
-7.792373e-02
-1.071589e-01
8.463005e-02
8.642024e-02
8.676066e-02
-7.307938e-02
9.131300e-02
8.835890e-02
-2.246752e-01
8.521401e-02
8.755410e-02
9.046662e-02
8.627276e-02
2.411058e-01
8.869071e-02
1.602344e-01
8.723346e-02
-8.188298e-02
-8.968376e-02
5.711629e-01
8.420680e-02
-1.063226e-01
9.069804e-02
-1.108557e-01
8.617947e-02
-2.060898e-01
8.906121e-02
8.803708e-02
8.977575e-02
8.891571e-02
8.597026e-02
8.600271e-02
8.452408e-02
8.677431e-02
-8.209075e-02
8.818096e-02
9.051508e-02
8.856041e-02
8.624567e-02
-9.698974e-02
8.241138e-02
1.992751e-01
-7.927898e-02
8.558217e-02
-7.800655e-02
-6.873374e-02
-9.260981e-02
8.510676e-02
-8.195080e-02
2.875158e-02
8.742973e-02
8.798014e-02
6.338879e-02
8.914864e-02
-8.565704e-02
8.874939e-02
8.818170e-02
-7.136756e-02
-7.901647e-02
-1.312762e-01
-8.176487e-02
-7.388966e-03
-2.054074e-01
8.633354e-02
9.071441e-02
8.638221e-02
-2.024212e-01
-1.171350e-01
-7.716378e-02
-8.142779e-02
-8.045881e-02
-1.549817e-01
-7.990181e-02
-7.495911e-02
8.843759e-02
-7.690375e-02
-1.630210e-01
-1.327813e-01
-8.011639e-02
8.486943e-02
8.692245e-02
8.536508e-02
-6.376975e-02
8.591430e-02
9.560510e-02
8.512743e-02
-8.098765e-02
-8.156380e-02
8.559580e-02
8.794394e-02
8.757862e-02
-7.981114e-02
8.475776e-02
8.815608e-02
8.669704e-02
8.736618e-02
