-1.215467e-02
-1.200451e-02
9.818831e-03
1.010011e-02
-8.303970e-03
1.338895e-02
-9.956133e-04
1.327720e-02
-9.939366e-04
-9.681666e-04
-1.245181e-03
1.649361e-02
-1.215814e-02
-1.221495e-02
1.657392e-02
1.656053e-02
1.646386e-02
1.651511e-02
8.548692e-03
8.575523e-03
2.105920e-02
2.898525e-02
4.982660e-02
1.654465e-02
1.642018e-02
8.235127e-03
8.580237e-03
8.588556e-03
8.726611e-03
8.520299e-03
3.871479e-03
6.915024e-03
1.533005e-02
3.507726e-02
8.445953e-03
-1.103961e-03
-9.317706e-04
-8.214470e-03
-7.937072e-03
-8.194353e-03
-8.170016e-03
-3.920729e-03
-3.626942e-03
1.568637e-04
2.478925e-03
2.905398e-02
-3.943545e-03
-8.228379e-03
8.222234e-03
7.807554e-04
-1.204307e-02
8.525350e-03
9.829513e-03
8.639618e-03
1.000237e-02
-1.199716e-02
-1.214414e-02
NA
-1.219811e-02
-1.216177e-02
1.335445e-02
8.584533e-03
8.605447e-03
-1.212322e-02
1.027740e-02
1.062482e-02
1.031990e-02
1.042219e-02
1.030323e-02
1.028600e-02
-8.059677e-03
-3.934920e-03
-3.934920e-03
-3.934920e-03
8.670269e-03
8.697752e-03
-1.231965e-02
-3.903638e-03
8.727478e-03
1.419067e-02
4.971071e-02
-8.102008e-03
-7.929979e-03
8.611172e-03
-8.259003e-03
-8.174462e-03
8.204853e-03
-3.963017e-03
-1.249435e-02
-8.175756e-03
-8.168959e-03
-1.245782e-02
-8.057134e-03
-8.391962e-03
-8.011552e-03
-1.241744e-02
-1.238886e-02
-8.959890e-03
-1.261673e-02
-8.518047e-03
-8.419015e-03
4.268063e-02
-8.617318e-03
-8.271831e-03
-8.312709e-03
-1.257021e-02
-8.222077e-03
4.015931e-02
-8.165574e-03
-1.291683e-02
-8.249403e-03
-1.243393e-02
-1.251748e-02
1.114443e-02
1.639923e-02
8.088080e-03
6.530201e-03
7.984363e-03
1.442813e-02
-8.050030e-03
-8.084485e-03
-8.164927e-03
2.851265e-03
-8.333127e-03
-8.388285e-03
4.337449e-02
-8.030071e-03
-8.599899e-03
-8.336490e-03
-8.089737e-03
1.133027e-02
-8.310665e-03
1.911210e-02
-8.812718e-03
-1.248354e-02
1.349910e-02
1.225078e-02
-8.519023e-03
1.190276e-02
-8.367406e-03
6.530386e-03
-8.405008e-03
4.127680e-02
-8.310635e-03
-8.540784e-03
-8.231899e-03
-8.314194e-03
-8.600400e-03
-8.713921e-03
-8.607194e-03
-8.553289e-03
-1.284587e-02
-8.836002e-03
-8.472840e-03
-8.569232e-03
-8.248829e-03
4.742602e-03
-8.186510e-03
1.616856e-02
-1.199176e-02
-8.187469e-03
-1.220956e-02
3.404109e-02
2.207744e-03
-8.586587e-03
-1.241510e-02
4.496855e-03
-8.635180e-03
-8.600525e-03
-1.001917e-02
-8.627342e-03
-1.166587e-02
-8.440441e-03
-8.183805e-03
-1.243090e-02
-1.223754e-02
5.007551e-03
-1.236675e-02
2.775547e-03
3.686857e-03
-8.046515e-03
-8.224980e-03
-8.762112e-03
5.316990e-03
2.907573e-02
-1.235641e-02
-1.229763e-02
-1.250588e-02
-1.901041e-03
-1.255046e-02
-1.252564e-02
-8.327205e-03
-1.211052e-02
4.383299e-02
1.632750e-02
-1.233698e-02
-8.525756e-03
-8.143547e-03
-8.670508e-03
1.824826e-02
-7.980665e-03
-8.452081e-03
-7.936852e-03
-1.239854e-02
-1.268627e-02
-8.422718e-03
-8.189819e-03
-8.541176e-03
-1.236541e-02
-8.446031e-03
-8.204494e-03
-8.602919e-03
-8.227804e-03
